008618916676642
008617197781375
00862180221234
008613294985361
00862164035697
00862180344736
008613294985361
008613294985361
008618616565843
008613294985361
008615021373812
008618916676642
008613294985361
008613294985361
008618616821970
008613882233145
008618916676642
008618616821970
008618916676642
008659187500971
008615002117346
00862131350166
008615317080371
00862151074562
00862131350166
00862151074564
00862156206518
00862151552056
00862165775593
008618616821970
008613918421970
008618616821970
00862156034117
008613918421970
008613918421970
00862156034117
008613294985361
008618916676642
00862151552088
008618616821970
008618916676642
00862151552085
00865376628167
008613294985361
00862156034117
008618916676642
008618916676642
008618916676642
